------------------------------
test was performed using the following parameters: --mps=10000 --burst=1 --reply-every=100 --msg-size=24938 --time=10
------------------------------
sockperf: [Total Run] RunTime=10.001 sec; Warm up time=400 msec; SentMessages=93621; ReceivedMessages=894
sockperf: ========= Printing statistics for Server No: 0
sockperf: [Valid Duration] RunTime=9.526 sec; SentMessages=89201; ReceivedMessages=852
sockperf: [2;35m====> avg-latency=907.318 (std-dev=305.570)[0m
sockperf: [0;31m# dropped messages = 41; # duplicated messages = 0; # out-of-order messages = 0[0m
sockperf: [2;35mTotal 852 observations[0m; each percentile contains 8.52 observations
sockperf: ---> <MAX> observation = 1347.318
sockperf: ---> percentile 99.999 = 1347.318
sockperf: ---> percentile 99.990 = 1347.318
sockperf: ---> percentile 99.900 = 1330.434
sockperf: ---> percentile 99.000 = 1292.917
sockperf: ---> percentile 90.000 = 1204.304
sockperf: ---> percentile 75.000 = 1137.530
sockperf: ---> percentile 50.000 = 1038.359
sockperf: ---> percentile 25.000 =  670.506
sockperf: ---> <MIN> observation =  239.382
------------------------------
packet, txTime(sec), rxTime(sec), latency(usec)
0, 2.428744661, 2.430717320, 986.330
1, 2.439364962, 2.441456913, 1045.976
2, 2.449988182, 2.451958563, 985.191
3, 2.460607128, 2.462650309, 1021.591
4, 2.471220467, 2.473345395, 1062.464
5, 2.481804611, 2.484139859, 1167.624
6, 2.492852512, 2.494657423, 902.456
7, 2.503466599, 2.505722382, 1127.892
8, 2.514071910, 2.516406910, 1167.500
9, 2.524642382, 2.527227101, 1292.359
10, 2.535455447, 2.537858798, 1201.675
11, 2.546498844, 2.548506810, 1003.983
12, 2.557120225, 2.559232090, 1055.932
13, 2.567730493, 2.569882763, 1076.135
14, 2.578303115, 2.580528645, 1112.765
15, 2.589356692, 2.591570483, 1106.895
16, 2.599964799, 2.602283933, 1159.567
17, 2.610539143, 2.612969882, 1215.370
18, 2.621418514, 2.623713539, 1147.512
19, 2.631987918, 2.634354660, 1183.371
20, 2.642965334, 2.645056760, 1045.713
21, 2.653531363, 2.655753745, 1111.191
22, 2.664556014, 2.666527681, 985.833
23, 2.675161179, 2.677480397, 1159.609
24, 2.685725119, 2.688294737, 1284.809
25, 2.696633765, 2.698955608, 1160.922
26, 2.707220130, 2.709601805, 1190.838
27, 2.718187326, 2.720416148, 1114.411
28, 2.728769415, 2.730989076, 1109.830
29, 2.739415870, 2.741762335, 1173.232
30, 2.750259630, 2.752446488, 1093.429
31, 2.761132811, 2.763510188, 1188.688
32, 2.771709137, 2.774269981, 1280.422
33, 2.782618571, 2.784889571, 1135.500
34, 2.793208635, 2.795511393, 1151.379
35, 2.804231772, 2.806216205, 992.217
36, 2.814848604, 2.816890928, 1021.162
37, 2.825492305, 2.827619679, 1063.687
38, 2.836071792, 2.838277667, 1102.938
39, 2.846958613, 2.849300780, 1171.083
40, 2.857550175, 2.859937667, 1193.746
41, 2.868120569, 2.870586534, 1232.982
42, 2.879058973, 2.881234816, 1087.921
43, 2.889633779, 2.891996802, 1181.511
44, 2.900541579, 2.902651683, 1055.052
45, 2.911110666, 2.913344435, 1116.885
46, 2.922127833, 2.924030408, 951.287
47, 2.932748845, 2.935055868, 1153.512
48, 2.943316968, 2.945960968, 1322.000
49, 2.954361508, 2.956545959, 1092.225
50, 2.964959898, 2.967293005, 1166.554
51, 2.975888348, 2.977894895, 1003.273
52, 2.986507869, 2.988600045, 1046.088
53, 2.997095764, 2.999333772, 1119.004
54, 3.007959897, 3.010010866, 1025.485
55, 3.018521049, 3.021215686, 1347.319
56, 3.029616292, 3.031687594, 1035.651
57, 3.040241948, 3.042507084, 1132.568
58, 3.050860050, 3.053156538, 1148.244
59, 3.061448812, 3.063861938, 1206.563
60, 3.072335562, 3.074484859, 1074.649
61, 3.082952409, 3.084906490, 977.041
62, 3.093561851, 3.095521586, 979.868
63, 3.104176791, 3.106344209, 1083.709
64, 3.114825800, 3.116931373, 1052.787
65, 3.125451634, 3.127372446, 960.406
66, 3.136079877, 3.137723653, 821.888
67, 3.146692291, 3.148218366, 763.037
68, 3.157307191, 3.158697569, 695.189
69, 3.167933073, 3.169236940, 651.934
70, 3.189148972, 3.190430873, 640.951
71, 3.199765841, 3.200882363, 558.261
72, 3.210385491, 3.211338453, 476.481
73, 3.221001477, 3.221818023, 408.273
74, 3.231618015, 3.232532645, 457.315
75, 3.242231660, 3.242990882, 379.611
76, 3.252843992, 3.253536146, 346.077
77, 3.263459440, 3.264299340, 419.950
78, 3.274077382, 3.274653255, 287.936
79, 3.284685819, 3.285343500, 328.840
80, 3.305917352, 3.306798209, 440.428
81, 3.316528953, 3.317110444, 290.745
82, 3.327146382, 3.327739965, 296.791
83, 3.337761374, 3.338714893, 476.760
84, 3.348374092, 3.349378599, 502.254
85, 3.358999085, 3.359982524, 491.720
86, 3.369675422, 3.370597846, 461.212
87, 3.380310929, 3.381361484, 525.277
88, 3.390968614, 3.391964208, 497.797
89, 3.401595512, 3.402576692, 490.590
90, 3.412220030, 3.413293535, 536.753
91, 3.422840158, 3.424273068, 716.455
92, 3.433454487, 3.434846839, 696.176
93, 3.444074036, 3.445553936, 739.950
94, 3.454704066, 3.456168332, 732.133
95, 3.465329287, 3.466745609, 708.161
96, 3.475955452, 3.477368836, 706.692
97, 3.486583477, 3.487998267, 707.395
98, 3.497205328, 3.498632198, 713.435
99, 3.507822124, 3.509615190, 896.533
100, 3.518435728, 3.520334558, 949.415
101, 3.529063045, 3.530948989, 942.972
102, 3.539676847, 3.541523641, 923.397
103, 3.550318950, 3.552262731, 971.891
104, 3.560957210, 3.562764263, 903.526
105, 3.571573795, 3.573418681, 922.443
106, 3.582212936, 3.584115738, 951.401
107, 3.592849615, 3.595288633, 1219.509
108, 3.603436848, 3.605959958, 1261.555
109, 3.614456057, 3.616647208, 1095.576
110, 3.625056529, 3.627267667, 1105.569
111, 3.635634946, 3.637974998, 1170.026
112, 3.646736693, 3.648644385, 953.846
113, 3.657356624, 3.659311558, 977.467
114, 3.667965298, 3.670237424, 1136.063
115, 3.678942324, 3.681269655, 1163.665
116, 3.689543900, 3.691934884, 1195.492
117, 3.700536897, 3.702727899, 1095.501
118, 3.711157150, 3.713436853, 1139.852
119, 3.721789772, 3.723926368, 1068.298
120, 3.732403070, 3.734361194, 979.062
121, 3.743015949, 3.744760905, 872.478
122, 3.764248333, 3.766053659, 902.663
123, 3.774861873, 3.776552250, 845.189
124, 3.785481611, 3.786998655, 758.522
125, 3.796098695, 3.797520794, 711.050
126, 3.806712985, 3.807992415, 639.715
127, 3.817322872, 3.818550922, 614.025
128, 3.827944144, 3.828950583, 503.220
129, 3.838555717, 3.839601390, 522.837
130, 3.849168364, 3.850543525, 687.580
131, 3.859783054, 3.861189989, 703.467
132, 3.870400149, 3.871768377, 684.114
133, 3.881012139, 3.882449685, 718.773
134, 3.891626774, 3.892998321, 685.773
135, 3.902242641, 3.903662242, 709.800
136, 3.912855496, 3.914386471, 765.488
137, 3.934087327, 3.935992668, 952.670
138, 3.944707135, 3.946663813, 978.339
139, 3.955320366, 3.957353026, 1016.330
140, 3.965945868, 3.967950681, 1002.406
141, 3.976566883, 3.978742358, 1087.738
142, 3.987143635, 3.989351171, 1103.768
143, 4.019401386, 4.021564623, 1081.619
144, 4.029999195, 4.032274256, 1137.530
145, 4.040572700, 4.043119229, 1273.264
146, 4.051605243, 4.053661642, 1028.199
147, 4.062212702, 4.064328944, 1058.121
148, 4.072802151, 4.075140738, 1169.294
149, 4.105056589, 4.107309672, 1126.541
150, 4.115651847, 4.117981634, 1164.893
151, 4.126478348, 4.128665411, 1093.531
152, 4.137053865, 4.139340240, 1143.188
153, 4.147943304, 4.150138126, 1097.411
154, 4.158523794, 4.160738569, 1107.387
155, 4.190766082, 4.192686815, 960.367
156, 4.201372514, 4.203272730, 950.108
157, 4.211973851, 4.213916524, 971.337
158, 4.222575780, 4.224470217, 947.218
159, 4.233184097, 4.235255782, 1035.842
160, 4.243771938, 4.245869350, 1048.706
161, 4.275934301, 4.277996142, 1030.920
162, 4.286551270, 4.288670456, 1059.593
163, 4.297174409, 4.299336067, 1080.829
164, 4.307758693, 4.310016748, 1129.028
165, 4.318626374, 4.320701519, 1037.573
166, 4.329194362, 4.331418309, 1111.974
167, 4.361482206, 4.363387998, 952.896
168, 4.372093647, 4.374032823, 969.588
169, 4.382717958, 4.384684809, 983.426
170, 4.393337934, 4.395252263, 957.165
171, 4.403964512, 4.405793695, 914.591
172, 4.414598766, 4.416368755, 884.994
173, 4.425226478, 4.426951707, 862.614
174, 4.435837298, 4.437602997, 882.850
175, 4.446458907, 4.448613156, 1077.125
176, 4.457084238, 4.459222100, 1068.931
177, 4.467703030, 4.469800206, 1048.588
178, 4.478349599, 4.480444868, 1047.634
179, 4.488961687, 4.491220775, 1129.544
180, 4.499821725, 4.501876845, 1027.560
181, 4.510410408, 4.512578058, 1083.825
182, 4.521319785, 4.523240883, 960.549
183, 4.531927122, 4.534421184, 1247.031
184, 4.542868259, 4.545004157, 1067.949
185, 4.553461898, 4.555804485, 1171.294
186, 4.564026842, 4.566419735, 1196.446
187, 4.574849996, 4.577255873, 1202.939
188, 4.585781299, 4.587895521, 1057.111
189, 4.596346676, 4.598560839, 1107.081
190, 4.607151211, 4.609299654, 1074.221
191, 4.617769836, 4.620309411, 1269.787
192, 4.628744866, 4.630992808, 1123.971
193, 4.639341146, 4.641702542, 1180.698
194, 4.650211483, 4.652436429, 1112.473
195, 4.660801913, 4.663229035, 1213.561
196, 4.671681590, 4.673845237, 1081.823
197, 4.682625473, 4.684648367, 1011.447
198, 4.693236015, 4.695285312, 1024.649
199, 4.703815786, 4.706378246, 1281.230
200, 4.714944702, 4.717111999, 1083.649
201, 4.725554179, 4.727760354, 1103.088
202, 4.736158965, 4.738395976, 1118.506
203, 4.746724335, 4.749139558, 1207.611
204, 4.757762706, 4.759816490, 1026.892
205, 4.768356058, 4.770504068, 1074.005
206, 4.779450462, 4.781199953, 874.745
207, 4.790123579, 4.792314212, 1095.316
208, 4.800745795, 4.802956373, 1105.289
209, 4.811383648, 4.813578086, 1097.219
210, 4.821974831, 4.824281213, 1153.191
211, 4.833001628, 4.835013122, 1005.747
212, 4.843616548, 4.845729330, 1056.391
213, 4.854205667, 4.856419901, 1107.117
214, 4.865253160, 4.867195783, 971.312
215, 4.875896544, 4.878245328, 1174.392
216, 4.886501608, 4.888874737, 1186.565
217, 4.897662364, 4.899621819, 979.728
218, 4.908282978, 4.910284050, 1000.536
219, 4.918894015, 4.920893181, 999.583
220, 4.929507753, 4.931554418, 1023.332
221, 4.940100852, 4.942374616, 1136.882
222, 4.950979680, 4.952958551, 989.436
223, 4.961558096, 4.964072183, 1257.043
224, 4.972458385, 4.974707762, 1124.689
225, 4.983032147, 4.985415672, 1191.762
226, 4.993974365, 4.996118439, 1072.037
227, 5.004548937, 5.006878053, 1164.558
228, 5.015556132, 5.017543596, 993.732
229, 5.026160789, 5.028240470, 1039.841
230, 5.036944016, 5.038942305, 999.145
231, 5.047542201, 5.050001048, 1229.423
232, 5.058400827, 5.060802493, 1200.833
233, 5.068979637, 5.071424795, 1222.579
234, 5.079942779, 5.081997266, 1027.243
235, 5.090584961, 5.092718575, 1066.807
236, 5.101200171, 5.103399749, 1099.789
237, 5.111782148, 5.114158528, 1188.190
238, 5.122826224, 5.124729844, 951.810
239, 5.133435118, 5.135806118, 1185.500
240, 5.144029251, 5.146516997, 1243.873
241, 5.154962258, 5.157346411, 1192.077
242, 5.165548671, 5.167921417, 1186.373
243, 5.176492429, 5.178684826, 1096.199
244, 5.187082417, 5.189328975, 1123.279
245, 5.198087180, 5.200035371, 974.096
246, 5.208681290, 5.210831393, 1075.051
247, 5.219270069, 5.221875062, 1302.497
248, 5.230171433, 5.232499801, 1164.184
249, 5.240754274, 5.243321366, 1283.546
250, 5.251714772, 5.253906159, 1095.693
251, 5.262297544, 5.264614864, 1158.660
252, 5.273208377, 5.275318391, 1055.007
253, 5.283782165, 5.286131849, 1174.842
254, 5.294666048, 5.296764691, 1049.321
255, 5.305251967, 5.307771603, 1259.818
256, 5.316081520, 5.318451508, 1184.994
257, 5.327022132, 5.329231467, 1104.668
258, 5.337639426, 5.339886423, 1123.499
259, 5.348566137, 5.350616369, 1025.116
260, 5.359183266, 5.361290125, 1053.430
261, 5.369816408, 5.372045690, 1114.641
262, 5.380736315, 5.382719236, 991.460
263, 5.391317920, 5.393855531, 1268.806
264, 5.402158688, 5.404502846, 1172.079
265, 5.413033031, 5.415265043, 1116.006
266, 5.423616309, 5.425912466, 1148.078
267, 5.434435317, 5.436626977, 1095.830
268, 5.445007310, 5.447348485, 1170.587
269, 5.455951676, 5.458109243, 1078.784
270, 5.466530023, 5.468718629, 1094.303
271, 5.477379568, 5.479831100, 1225.766
272, 5.488331375, 5.490500113, 1084.369
273, 5.498961753, 5.501243268, 1140.758
274, 5.509549225, 5.511891332, 1171.054
275, 5.520576734, 5.522579729, 1001.497
276, 5.531201962, 5.533264658, 1031.348
277, 5.541783028, 5.543982009, 1099.490
278, 5.552741230, 5.554774399, 1016.584
279, 5.563336235, 5.565753672, 1208.718
280, 5.574238623, 5.576471977, 1116.677
281, 5.584825418, 5.587229927, 1202.255
282, 5.595826469, 5.597797802, 985.667
283, 5.606442707, 5.608487390, 1022.341
284, 5.617066342, 5.619312639, 1123.149
285, 5.627928868, 5.629927041, 999.087
286, 5.638526605, 5.640676027, 1074.711
287, 5.649552063, 5.651721070, 1084.504
288, 5.660180752, 5.662418739, 1118.993
289, 5.670773193, 5.673230186, 1228.497
290, 5.681799703, 5.683770082, 985.190
291, 5.692416513, 5.694515480, 1049.483
292, 5.703005372, 5.705162445, 1078.536
293, 5.713910744, 5.715911176, 1000.216
294, 5.724515638, 5.726582948, 1033.655
295, 5.735550521, 5.737625561, 1037.520
296, 5.746151324, 5.748236155, 1042.416
297, 5.756765518, 5.758940174, 1087.328
298, 5.767356184, 5.769672040, 1157.928
299, 5.778306748, 5.780429444, 1061.348
300, 5.788905634, 5.791234863, 1164.614
301, 5.799999288, 5.801832213, 916.463
302, 5.810612885, 5.812477776, 932.446
303, 5.821225244, 5.823572180, 1173.468
304, 5.832247536, 5.834397109, 1074.786
305, 5.842857623, 5.844990819, 1066.598
306, 5.853461142, 5.855701527, 1120.192
307, 5.864042498, 5.866514168, 1235.835
308, 5.875101033, 5.877200531, 1049.749
309, 5.885702512, 5.888031626, 1164.557
310, 5.896619673, 5.898639339, 1009.833
311, 5.907190478, 5.909649615, 1229.568
312, 5.918151564, 5.920362407, 1105.421
313, 5.928741413, 5.931058636, 1158.611
314, 5.939793429, 5.941738194, 972.383
315, 5.950408718, 5.952411768, 1001.525
316, 5.961018807, 5.963238045, 1109.619
317, 5.971588565, 5.973869460, 1140.447
318, 5.982555312, 5.984551598, 998.143
319, 5.993131742, 5.995484545, 1176.402
320, 6.003720930, 6.006232945, 1256.008
321, 6.014330399, 6.016587537, 1128.569
322, 6.024952149, 6.027142775, 1095.313
323, 6.035568945, 6.037566025, 998.540
324, 6.046192218, 6.047998174, 902.978
325, 6.078029345, 6.079736309, 853.482
326, 6.088636933, 6.090207335, 785.201
327, 6.099255098, 6.100658630, 701.766
328, 6.109867012, 6.111108368, 620.678
329, 6.120504133, 6.121575298, 535.582
330, 6.131122299, 6.131963310, 420.505
331, 6.141744689, 6.142432287, 343.799
332, 6.162988713, 6.163724606, 367.946
333, 6.173602319, 6.174491547, 444.614
334, 6.184214397, 6.184943198, 364.401
335, 6.194823160, 6.195473407, 325.123
336, 6.205440469, 6.206004754, 282.143
337, 6.216062561, 6.217025243, 481.341
338, 6.226671238, 6.227426514, 377.638
339, 6.237289128, 6.238264841, 487.857
340, 6.247906487, 6.248666018, 379.766
341, 6.258521005, 6.259231215, 355.105
342, 6.269135040, 6.269897060, 381.010
343, 6.279748221, 6.280670117, 460.948
344, 6.290370936, 6.291170458, 399.761
345, 6.300984646, 6.301881558, 448.456
346, 6.311598085, 6.312137390, 269.653
347, 6.322205945, 6.322800148, 297.102
348, 6.332819677, 6.333612211, 396.267
349, 6.343433476, 6.344244857, 405.690
350, 6.364652521, 6.365406645, 377.062
351, 6.375269116, 6.376086956, 408.920
352, 6.385892209, 6.386653441, 380.616
353, 6.396502368, 6.397152851, 325.242
354, 6.417717167, 6.418605519, 444.176
355, 6.428321971, 6.429195873, 436.951
356, 6.438938317, 6.439646081, 353.882
357, 6.449553532, 6.450247392, 346.930
358, 6.460164375, 6.460837349, 336.487
359, 6.470777729, 6.471475468, 348.870
360, 6.492004720, 6.492821473, 408.377
361, 6.502614392, 6.503457698, 421.653
362, 6.513224244, 6.513966141, 370.949
363, 6.523840316, 6.524538418, 349.051
364, 6.534448973, 6.535198980, 375.003
365, 6.545059598, 6.546049201, 494.802
366, 6.555680465, 6.556588766, 454.151
367, 6.566293012, 6.566810872, 258.930
368, 6.576910601, 6.577754376, 421.887
369, 6.587524533, 6.588227434, 351.451
370, 6.598135506, 6.598840527, 352.510
371, 6.608751848, 6.609425458, 336.805
372, 6.619378185, 6.620206149, 413.982
373, 6.629986822, 6.630670245, 341.711
374, 6.640594750, 6.641241317, 323.284
375, 6.651210624, 6.651816878, 303.127
376, 6.661829332, 6.662608761, 389.714
377, 6.672436824, 6.673353317, 458.247
378, 6.683055555, 6.683565447, 254.946
379, 6.693660928, 6.694579262, 459.167
380, 6.704272909, 6.705325628, 526.359
381, 6.714895509, 6.715840417, 472.454
382, 6.725510565, 6.726473207, 481.321
383, 6.736129665, 6.737248494, 559.415
384, 6.746736688, 6.747794294, 528.803
385, 6.757355897, 6.758522456, 583.280
386, 6.767969956, 6.769468241, 749.143
387, 6.778583187, 6.780129587, 773.200
388, 6.789198210, 6.790783750, 792.770
389, 6.799799120, 6.801415745, 808.313
390, 6.810408003, 6.812183808, 887.903
391, 6.821016202, 6.822738030, 860.914
392, 6.831632647, 6.833388479, 877.916
393, 6.842244425, 6.844035212, 895.394
394, 6.852859722, 6.855071405, 1105.842
395, 6.863464575, 6.865888107, 1211.766
396, 6.874042732, 6.876498537, 1227.903
397, 6.884998537, 6.887216500, 1108.982
398, 6.895566381, 6.897923462, 1178.541
399, 6.906608467, 6.908608884, 1000.208
400, 6.917207261, 6.919400471, 1096.605
401, 6.927778025, 6.930112510, 1167.242
402, 6.938647806, 6.941089396, 1220.795
403, 6.949462252, 6.951836052, 1186.900
404, 6.960037557, 6.962457096, 1209.770
405, 6.970804522, 6.973173377, 1184.428
406, 6.981931706, 6.983852336, 960.315
407, 6.992532626, 6.994609099, 1038.236
408, 7.003157906, 7.005286154, 1064.124
409, 7.013727914, 7.015935123, 1103.604
410, 7.024758200, 7.026958254, 1100.027
411, 7.035348843, 7.037716139, 1183.648
412, 7.045910340, 7.048365571, 1227.616
413, 7.056964406, 7.059117360, 1076.477
414, 7.067570886, 7.069739091, 1084.103
415, 7.078162598, 7.080490034, 1163.718
416, 7.089146903, 7.091264236, 1058.667
417, 7.099754648, 7.101903242, 1074.297
418, 7.110752126, 7.112900131, 1074.002
419, 7.121408001, 7.123731352, 1161.676
420, 7.132031125, 7.134364957, 1166.916
421, 7.142605327, 7.145076417, 1235.545
422, 7.153544249, 7.155726430, 1091.091
423, 7.164137687, 7.166509274, 1185.793
424, 7.175143714, 7.177205444, 1030.865
425, 7.185719848, 7.187907210, 1093.681
426, 7.196726276, 7.198986917, 1130.321
427, 7.207316373, 7.209689618, 1186.623
428, 7.218409949, 7.220454988, 1022.519
429, 7.229012463, 7.230980935, 984.236
430, 7.239612348, 7.241701920, 1044.786
431, 7.250215201, 7.252458431, 1121.615
432, 7.261226183, 7.263121687, 947.752
433, 7.271844340, 7.273811562, 983.611
434, 7.282444218, 7.284865772, 1210.777
435, 7.293377333, 7.295545317, 1083.992
436, 7.303982992, 7.306353908, 1185.458
437, 7.314555698, 7.317089009, 1266.655
438, 7.325499988, 7.327721311, 1110.661
439, 7.336491803, 7.338378853, 943.525
440, 7.347108068, 7.349165204, 1028.568
441, 7.357717962, 7.359816880, 1049.459
442, 7.368696222, 7.370844395, 1074.086
443, 7.379307891, 7.381559655, 1125.882
444, 7.389901148, 7.392362619, 1230.735
445, 7.400850807, 7.402974100, 1061.647
446, 7.411449983, 7.413757347, 1153.682
447, 7.422460841, 7.424360741, 949.950
448, 7.433085366, 7.435080877, 997.756
449, 7.443687766, 7.445801114, 1056.674
450, 7.454603232, 7.456872460, 1134.614
451, 7.465192683, 7.467595960, 1201.638
452, 7.476018380, 7.478387826, 1184.723
453, 7.486685593, 7.489056963, 1185.685
454, 7.497754183, 7.499679456, 962.637
455, 7.508366389, 7.510372848, 1003.229
456, 7.518999420, 7.521034835, 1017.707
457, 7.529597008, 7.531664379, 1033.685
458, 7.540171226, 7.542755003, 1291.888
459, 7.551181620, 7.553550626, 1184.503
460, 7.561764261, 7.564263778, 1249.758
461, 7.572768572, 7.574980011, 1105.719
462, 7.583384093, 7.585574904, 1095.406
463, 7.593950157, 7.596269622, 1159.733
464, 7.604966455, 7.606980297, 1006.921
465, 7.615550832, 7.617663625, 1056.396
466, 7.626380915, 7.628745366, 1182.226
467, 7.636950108, 7.639451191, 1250.541
468, 7.647871271, 7.650269876, 1199.303
469, 7.658681700, 7.660908687, 1113.494
470, 7.669269926, 7.671630815, 1180.445
471, 7.680219108, 7.682407370, 1094.131
472, 7.690815256, 7.693069268, 1127.006
473, 7.701742316, 7.703749451, 1003.568
474, 7.712333449, 7.714784015, 1225.283
475, 7.723153375, 7.725468874, 1157.749
476, 7.734070526, 7.736282678, 1106.076
477, 7.744667181, 7.746893673, 1113.246
478, 7.755238484, 7.757673080, 1217.298
479, 7.766318570, 7.768336131, 1008.780
480, 7.776941176, 7.778988905, 1023.865
481, 7.787526836, 7.789644088, 1058.626
482, 7.798505404, 7.800793616, 1144.106
483, 7.809120004, 7.811420289, 1150.143
484, 7.819693747, 7.822130653, 1218.453
485, 7.830912565, 7.832857184, 972.310
486, 7.841525591, 7.843464780, 969.595
487, 7.852145373, 7.854109744, 982.186
488, 7.862758603, 7.864768389, 1004.893
489, 7.873361809, 7.875460449, 1049.320
490, 7.884283453, 7.886622079, 1169.313
491, 7.894878982, 7.897320692, 1220.855
492, 7.905449489, 7.907990747, 1270.629
493, 7.916320412, 7.918642443, 1161.016
494, 7.927282336, 7.929347623, 1032.643
495, 7.937896416, 7.940047839, 1075.711
496, 7.948984495, 7.950762044, 888.775
497, 7.959595673, 7.961347474, 875.900
498, 7.970211899, 7.972321797, 1054.949
499, 7.980830660, 7.983006549, 1087.944
500, 7.991448685, 7.993710339, 1130.827
501, 8.002026788, 8.004396042, 1184.627
502, 8.012902198, 8.015188168, 1142.985
503, 8.023479095, 8.025818907, 1169.906
504, 8.034497014, 8.036526319, 1014.652
505, 8.045072445, 8.047208402, 1067.979
506, 8.055995156, 8.058286059, 1145.451
507, 8.066585471, 8.068995648, 1205.088
508, 8.077605487, 8.079644562, 1019.538
509, 8.088238241, 8.090332213, 1046.986
510, 8.098836509, 8.101104983, 1134.237
511, 8.109408371, 8.111722371, 1157.000
512, 8.120511308, 8.122555546, 1022.119
513, 8.131129460, 8.133245469, 1058.004
514, 8.141717975, 8.144332794, 1307.410
515, 8.152799367, 8.154885301, 1042.967
516, 8.163423036, 8.165616325, 1096.645
517, 8.174005146, 8.176294269, 1144.562
518, 8.184571222, 8.187041578, 1235.178
519, 8.195141586, 8.197363843, 1111.129
520, 8.205697443, 8.208210894, 1256.726
521, 8.227140217, 8.229420153, 1139.968
522, 8.237771341, 8.239948099, 1088.379
523, 8.248389709, 8.250426909, 1018.600
524, 8.259005512, 8.261011156, 1002.822
525, 8.269607369, 8.271415776, 904.204
526, 8.280209594, 8.281867872, 829.139
527, 8.290825436, 8.292280932, 727.748
528, 8.301427521, 8.302671063, 621.771
529, 8.312041657, 8.313476679, 717.511
530, 8.322658059, 8.324111731, 726.836
531, 8.333271461, 8.334581234, 654.886
532, 8.343879592, 8.345227195, 673.802
533, 8.354491701, 8.355542581, 525.440
534, 8.365104301, 8.366233406, 564.553
535, 8.375714336, 8.376593660, 439.662
536, 8.396932754, 8.397851837, 459.541
537, 8.407546964, 8.408386078, 419.557
538, 8.418163304, 8.418817406, 327.051
539, 8.428760048, 8.429613732, 426.842
540, 8.439374928, 8.440208686, 416.879
541, 8.449982099, 8.450734390, 376.146
542, 8.460592594, 8.461395241, 401.324
543, 8.471199571, 8.471970257, 385.343
544, 8.481809796, 8.482745060, 467.632
545, 8.492415243, 8.493212566, 398.661
546, 8.503015963, 8.503726028, 355.033
547, 8.513608374, 8.514324033, 357.830
548, 8.524214990, 8.525007368, 396.189
549, 8.534823691, 8.535454119, 315.214
550, 8.545419211, 8.546347095, 463.942
551, 8.556035662, 8.557021176, 492.757
552, 8.566641012, 8.567275767, 317.378
553, 8.577244370, 8.578069724, 412.677
554, 8.587862462, 8.588652201, 394.870
555, 8.598476888, 8.599265902, 394.507
556, 8.609089033, 8.609910850, 410.909
557, 8.619727257, 8.620479602, 376.173
558, 8.630343468, 8.631155117, 405.824
559, 8.640960381, 8.641707980, 373.800
560, 8.651567575, 8.652688966, 560.695
561, 8.662185608, 8.663459263, 636.828
562, 8.672803762, 8.673836941, 516.590
563, 8.683414819, 8.684469625, 527.403
564, 8.694031780, 8.695136032, 552.126
565, 8.704651053, 8.705657350, 503.148
566, 8.715263260, 8.716287875, 512.308
567, 8.725891361, 8.726888812, 498.725
568, 8.736500939, 8.738009314, 754.188
569, 8.747107925, 8.748498689, 695.382
570, 8.757722241, 8.759216207, 746.983
571, 8.768338721, 8.769745269, 703.274
572, 8.778958179, 8.780363805, 702.813
573, 8.789566655, 8.790990990, 712.168
574, 8.800181902, 8.801587494, 702.796
575, 8.810797880, 8.812190221, 696.171
576, 8.821407130, 8.823266019, 929.444
577, 8.832018468, 8.833812386, 896.959
578, 8.842624719, 8.844407541, 891.411
579, 8.853226592, 8.854994042, 883.725
580, 8.863828537, 8.865620332, 895.897
581, 8.874443765, 8.876299121, 927.678
582, 8.885042606, 8.886833149, 895.271
583, 8.895652053, 8.897403848, 875.898
584, 8.906256913, 8.908408868, 1075.977
585, 8.916860804, 8.918973849, 1056.522
586, 8.927471140, 8.929652215, 1090.537
587, 8.938077081, 8.940154062, 1038.491
588, 8.948682438, 8.950561941, 939.751
589, 8.959290125, 8.961112454, 911.165
590, 8.969893771, 8.971576749, 841.489
591, 8.991092360, 8.992853189, 880.415
592, 9.001695221, 9.003390310, 847.545
593, 9.012302332, 9.013716842, 707.255
594, 9.022909536, 9.024311306, 700.885
595, 9.033511084, 9.034634093, 561.504
596, 9.044116088, 9.045221966, 552.939
597, 9.054729369, 9.055638904, 454.767
598, 9.065343121, 9.065965695, 311.287
599, 9.075959488, 9.076798532, 419.522
600, 9.086561529, 9.087734841, 586.656
601, 9.097169325, 9.098867651, 849.163
602, 9.107770882, 9.109538610, 883.864
603, 9.118405066, 9.120294745, 944.839
604, 9.129020707, 9.130926958, 953.125
605, 9.139620750, 9.141563628, 971.439
606, 9.150240081, 9.152325331, 1042.625
607, 9.160850409, 9.163366693, 1258.142
608, 9.171691143, 9.173991201, 1150.029
609, 9.182281762, 9.184709277, 1213.757
610, 9.192941106, 9.195479254, 1269.074
611, 9.203739529, 9.206227188, 1243.830
612, 9.214690766, 9.216795004, 1052.119
613, 9.225306623, 9.227425584, 1059.481
614, 9.235892868, 9.238226614, 1166.873
615, 9.246839644, 9.249227312, 1193.834
616, 9.257433914, 9.259924351, 1245.218
617, 9.268418215, 9.270558865, 1070.325
618, 9.279024898, 9.281346885, 1160.994
619, 9.289600442, 9.292027055, 1213.307
620, 9.300541252, 9.302895443, 1177.095
621, 9.311109858, 9.313305323, 1097.732
622, 9.322187354, 9.324335924, 1074.285
623, 9.332756863, 9.335325014, 1284.076
624, 9.343733895, 9.345900935, 1083.520
625, 9.354350889, 9.356299631, 974.371
626, 9.364965490, 9.366813762, 924.136
627, 9.375574011, 9.377278598, 852.293
628, 9.386186929, 9.387853265, 833.168
629, 9.396812195, 9.398254040, 720.922
630, 9.407457097, 9.408675760, 609.332
631, 9.418066542, 9.419530050, 731.754
632, 9.428667213, 9.430167346, 750.067
633, 9.439274841, 9.440458993, 592.076
634, 9.449878706, 9.450916028, 518.661
635, 9.460493360, 9.461305778, 406.209
636, 9.471111427, 9.471793474, 341.023
637, 9.481720201, 9.482380741, 330.270
638, 9.492339463, 9.493268372, 464.454
639, 9.513563835, 9.514505553, 470.859
640, 9.524180523, 9.524742235, 280.856
641, 9.534798400, 9.535484227, 342.914
642, 9.545408408, 9.546388103, 489.847
643, 9.556027009, 9.556505773, 239.382
644, 9.566637678, 9.567361451, 361.886
645, 9.577250037, 9.577950828, 350.395
646, 9.587898551, 9.588731363, 416.406
647, 9.598505396, 9.599285644, 390.124
648, 9.609122453, 9.609981219, 429.383
649, 9.619751078, 9.620516630, 382.776
650, 9.630371070, 9.631226627, 427.778
651, 9.640988600, 9.641666989, 339.195
652, 9.651599510, 9.652293116, 346.803
653, 9.672834377, 9.673576327, 370.975
654, 9.683441082, 9.684304269, 431.593
655, 9.694060319, 9.694818187, 378.934
656, 9.725903113, 9.727164505, 630.696
657, 9.736515688, 9.737579178, 531.745
658, 9.747131471, 9.748221614, 545.071
659, 9.757732816, 9.758520860, 394.022
660, 9.768351597, 9.769138951, 393.677
661, 9.778967046, 9.779547948, 290.451
662, 9.789578009, 9.790395284, 408.638
663, 9.800191862, 9.801039896, 424.017
664, 9.810798604, 9.811571013, 386.204
665, 9.821394856, 9.822348336, 476.740
666, 9.832013904, 9.832900507, 443.301
667, 9.842619533, 9.843481313, 430.890
668, 9.874416795, 9.875320716, 451.961
669, 9.885024900, 9.885922490, 448.795
670, 9.895640060, 9.896422816, 391.378
671, 9.906253100, 9.907045991, 396.445
672, 9.916869243, 9.917472274, 301.515
673, 9.948707433, 9.949207418, 249.993
674, 9.959318906, 9.960260982, 471.038
675, 9.969924541, 9.970467807, 271.633
676, 9.991147475, 9.991923960, 388.242
677, 10.001755786, 10.002404478, 324.346
678, 10.012370587, 10.013161080, 395.247
679, 10.022983222, 10.023601131, 308.955
680, 10.033583117, 10.034321975, 369.429
681, 10.044192228, 10.044801561, 304.666
682, 10.054809185, 10.055603865, 397.340
683, 10.065424483, 10.066383064, 479.291
684, 10.076030696, 10.076779039, 374.172
685, 10.086631990, 10.087288372, 328.191
686, 10.097229100, 10.098099878, 435.389
687, 10.107843903, 10.108329255, 242.676
688, 10.118475682, 10.119540872, 532.595
689, 10.129076356, 10.129718784, 321.214
690, 10.139683866, 10.140456018, 386.076
691, 10.150304071, 10.150933314, 314.621
692, 10.160925867, 10.161589852, 331.992
693, 10.171538971, 10.172232334, 346.681
694, 10.182144883, 10.182771176, 313.147
695, 10.213972825, 10.214946924, 487.050
696, 10.224588221, 10.225492197, 451.988
697, 10.235201740, 10.236147021, 472.640
698, 10.245819191, 10.246527851, 354.330
699, 10.256426615, 10.257197101, 385.243
700, 10.267059838, 10.267995777, 467.969
701, 10.289660017, 10.290451950, 395.966
702, 10.300850343, 10.301499646, 324.651
703, 10.311482346, 10.312352437, 435.046
704, 10.322098471, 10.323020486, 461.007
705, 10.332714974, 10.333513020, 399.023
706, 10.343329506, 10.344270964, 470.729
707, 10.353944383, 10.354793064, 424.340
708, 10.364564929, 10.365408313, 421.692
709, 10.375189203, 10.376037801, 424.299
710, 10.385802300, 10.386770933, 484.316
711, 10.396436454, 10.397403342, 483.444
712, 10.407058843, 10.408399856, 670.506
713, 10.417677876, 10.419060812, 691.468
714, 10.428287863, 10.429599900, 656.019
715, 10.438908697, 10.440198290, 644.796
716, 10.449521745, 10.450829972, 654.113
717, 10.460142220, 10.461476266, 667.023
718, 10.470755073, 10.472119223, 682.075
719, 10.481372462, 10.482700634, 664.086
720, 10.491993899, 10.493718341, 862.221
721, 10.502697531, 10.504342093, 822.281
722, 10.513319240, 10.514958592, 819.676
723, 10.523938490, 10.525603500, 832.505
724, 10.534557428, 10.536311086, 876.829
725, 10.545170387, 10.546864228, 846.920
726, 10.555787710, 10.557580161, 896.226
727, 10.566408643, 10.568212817, 902.087
728, 10.577043812, 10.579207514, 1081.851
729, 10.587661204, 10.589755333, 1047.065
730, 10.598294118, 10.600534588, 1120.235
731, 10.608905419, 10.611230556, 1162.568
732, 10.619517488, 10.621967489, 1225.001
733, 10.630469942, 10.632524443, 1027.250
734, 10.641059432, 10.643323878, 1132.223
735, 10.651943756, 10.653951849, 1004.047
736, 10.662518842, 10.665027282, 1254.220
737, 10.673324736, 10.675705093, 1190.179
738, 10.684338001, 10.686414719, 1038.359
739, 10.694969350, 10.697103235, 1066.942
740, 10.705560181, 10.707885336, 1162.577
741, 10.716531010, 10.718550344, 1009.667
742, 10.727148164, 10.729333913, 1092.874
743, 10.737727506, 10.740094963, 1183.729
744, 10.748707848, 10.751116458, 1204.305
745, 10.759298858, 10.761793705, 1247.424
746, 10.770237032, 10.772446608, 1104.788
747, 10.780842264, 10.783158573, 1158.155
748, 10.791762712, 10.793843575, 1040.431
749, 10.802370774, 10.804532058, 1080.642
750, 10.812951502, 10.815261239, 1154.868
751, 10.823852657, 10.825961817, 1054.580
752, 10.834907486, 10.837134467, 1113.490
753, 10.845519215, 10.847821217, 1151.001
754, 10.856124975, 10.858442133, 1158.579
755, 10.866707946, 10.869167919, 1229.986
756, 10.877595851, 10.879861878, 1133.013
757, 10.888608675, 10.890535274, 963.299
758, 10.899238403, 10.901322587, 1042.092
759, 10.909813292, 10.911962825, 1074.766
760, 10.920738453, 10.923160383, 1210.965
761, 10.931307923, 10.933804488, 1248.282
762, 10.942296261, 10.944476302, 1090.021
763, 10.952873234, 10.955172680, 1149.723
764, 10.963727086, 10.965885727, 1079.321
765, 10.974312834, 10.976567696, 1127.431
766, 10.985274024, 10.987376872, 1051.424
767, 10.995866299, 10.997998820, 1066.261
768, 11.006819470, 11.009141513, 1161.022
769, 11.017437341, 11.019742567, 1152.613
770, 11.028016925, 11.030454550, 1218.813
771, 11.039092481, 11.041095902, 1001.710
772, 11.049732125, 11.051825230, 1046.553
773, 11.060333105, 11.062520687, 1093.791
774, 11.071142253, 11.073335008, 1096.378
775, 11.081713380, 11.084087591, 1187.105
776, 11.092821796, 11.095114273, 1146.238
777, 11.103429793, 11.105751004, 1160.606
778, 11.114000068, 11.116441797, 1220.865
779, 11.125004655, 11.127158291, 1076.818
780, 11.135599655, 11.137954234, 1177.289
781, 11.146612972, 11.148526889, 956.959
782, 11.157228247, 11.159303622, 1037.688
783, 11.167821319, 11.169906701, 1042.691
784, 11.178703687, 11.180960604, 1128.458
785, 11.189301992, 11.191646481, 1172.244
786, 11.199877822, 11.202357099, 1239.638
787, 11.210781503, 11.213078616, 1148.557
788, 11.221711314, 11.223864728, 1076.707
789, 11.232328169, 11.234562578, 1117.204
790, 11.242910916, 11.245278654, 1183.869
791, 11.254133478, 11.255823496, 845.009
792, 11.264622362, 11.266849192, 1113.415
793, 11.275057688, 11.277554811, 1248.562
794, 11.285772350, 11.288276528, 1252.089
795, 11.296627676, 11.299039932, 1206.128
796, 11.307506644, 11.309705761, 1099.559
797, 11.318209518, 11.320356861, 1073.672
798, 11.329053596, 11.331082829, 1014.616
799, 11.339484874, 11.341573694, 1044.410
800, 11.349905214, 11.352519886, 1307.336
801, 11.360861504, 11.362940525, 1039.511
802, 11.371302179, 11.373471987, 1084.904
803, 11.381749881, 11.384016792, 1133.455
804, 11.392327800, 11.394626101, 1149.150
805, 11.402764358, 11.404994372, 1115.007
806, 11.413544490, 11.415652670, 1054.090
807, 11.434426184, 11.437050626, 1312.221
808, 11.445217194, 11.447417735, 1100.270
809, 11.455650457, 11.458063995, 1206.769
810, 11.466083738, 11.468667020, 1291.641
811, 11.476780525, 11.479045287, 1132.381
812, 11.487215708, 11.489456655, 1120.474
813, 11.497934086, 11.499988326, 1027.120
814, 11.518787968, 11.521448838, 1330.435
815, 11.529536006, 11.531909595, 1186.795
816, 11.539960857, 11.542579987, 1309.565
817, 11.550771550, 11.552932471, 1080.460
818, 11.561224339, 11.563431645, 1103.653
819, 11.571661958, 11.574023450, 1180.746
820, 11.582344386, 11.584509895, 1082.754
821, 11.603559303, 11.605953028, 1196.863
822, 11.614003403, 11.616463403, 1230.000
823, 11.624456468, 11.626861984, 1202.758
824, 11.635161808, 11.637501578, 1169.885
825, 11.645601648, 11.647958777, 1178.564
826, 11.656309748, 11.658503587, 1096.919
827, 11.666754723, 11.669146158, 1195.717
828, 11.687991194, 11.690379163, 1193.985
829, 11.698419118, 11.700996070, 1288.476
830, 11.709307635, 11.711499448, 1095.906
831, 11.719746978, 11.721727158, 990.090
832, 11.730195609, 11.732371432, 1087.912
833, 11.740647117, 11.742938287, 1145.585
834, 11.751081685, 11.753400759, 1159.537
835, 11.772324990, 11.774809537, 1242.273
836, 11.783199776, 11.785413674, 1106.949
837, 11.793650724, 11.795992624, 1170.950
838, 11.804102360, 11.806542573, 1220.107
839, 11.814546603, 11.816976284, 1214.841
840, 11.825407481, 11.827622602, 1107.560
841, 11.835869100, 11.838219501, 1175.200
842, 11.846311434, 11.848577107, 1132.837
843, 11.857055997, 11.859550351, 1247.177
844, 11.867484438, 11.870087075, 1301.318
845, 11.878293512, 11.880585361, 1145.924
846, 11.888737962, 11.891187345, 1224.692
847, 11.899185987, 11.901566877, 1190.445
848, 11.909847410, 11.911995351, 1073.970
849, 11.920276884, 11.922613254, 1168.185
850, 11.941431496, 11.944017332, 1292.918
851, 11.952192536, 11.954404930, 1106.197
------------------------------
